1.412705238779131456e+00
1.409272144498782575e+00
1.400202417434843305e+00
1.397811770201799364e+00
1.395037193752269422e+00
1.383749921066160127e+00
1.374945115033769705e+00
1.372978599435529912e+00
1.365435902109446875e+00
1.356428494828503029e+00
1.347898750881850738e+00
1.337667915435553523e+00
1.329328290963066150e+00
1.324678590090914376e+00
1.316468481434557747e+00
1.314082055143106276e+00
1.310505232044091972e+00
1.298953345067986653e+00
1.290996846302265855e+00
1.289350915228452799e+00
1.283661269563608487e+00
1.278135531451238593e+00
1.274704360861708574e+00
1.263500238408042931e+00
1.257170158714158825e+00
