2.893584523081396132e+00
1.271553619820425141e+00
1.164222714840437822e+00
1.186550629438367199e+00
1.226876090036494560e+00
1.048414421843064659e+00
1.008453714233948695e+00
8.445271318923703863e-01
8.984904173603338595e-01
9.127744686081074033e-01
7.518188874309933434e-01
6.973142632166662302e-01
8.791674063383457804e-01
7.426400271328372771e-01
8.130183270662639794e-01
9.235420731592218768e-01
7.702301703548698475e-01
8.249513571672175694e-01
7.285003968331914548e-01
7.870461725587406532e-01
