-2.207304687500000195e+00
-1.612687683105468750e+01
1.597222222222222321e+00
-1.525878906250000000e-01
-1.344912109374999964e+01
1.000244140625000000e+01
-8.412724247685185119e+00
-4.987197265625000320e+00
-1.370462341308593679e+01
-3.061523437500000000e+00
-3.001171874999999822e+00
-1.053227615356445312e+01
-1.837395109953703809e+01
-1.511962890625000000e+00
2.190368652343750000e+00
-1.073339843750000000e+01
-9.223714192708333925e+00
-1.225173950195312500e+00
2.041259765625000000e+00
4.926696777343750000e+00
