1.260499477386474616e-02
6.805000305175781632e-03
6.619911193847655834e-03
4.439945220947265521e-03
4.214954376220702952e-03
3.390045166015624809e-03
2.990036010742187691e-03
-4.550552368164062739e-04
-7.449340820312500043e-04
-2.689962387084961042e-03
-2.720031738281249861e-03
-4.099998474121093611e-03
-4.240036010742187500e-03
-5.204963684082031423e-03
-5.229988098144531215e-03
-6.120033264160155972e-03
-6.139984130859374792e-03
-6.495018005371094166e-03
-6.549999713897704766e-03
-6.495018005371094166e-03
-6.549999713897704766e-03
-7.444992065429687812e-03
-7.555007934570312500e-03
-8.095016479492187292e-03
-8.560028076171875139e-03
